seq_id,resSeq,resName,ligand_region,n_frames,backbone_n_atoms,sidechain_n_atoms,backbone_occupancy,sidechain_occupancy,backbone_mean_mindist_nm,sidechain_mean_mindist_nm
nonb_067_nb,62,ILE,core,12267,4,4,0.0,0.17070188310100268,0.7189568281173706,0.5031493306159973
